<?xml version="1.0" encoding="UTF-8" standalone="no" ?>
<COLLADA xmlns="http://www.collada.org/2005/11/COLLADASchema" version="1.4.1">
    <asset>
        <contributor>
            <authoring_tool>SketchUp 18.0.16975</authoring_tool>
        </contributor>
        <created>2018-03-28T01:03:08Z</created>
        <modified>2018-03-28T01:03:08Z</modified>
        <unit meter="0.0254" name="inch" />
        <up_axis>Z_UP</up_axis>
    </asset>
    <library_cameras>
        <camera id="ID1" name="skp_camera_Last_Saved_SketchUp_View">
            <optics>
                <technique_common>
                    <perspective>
                        <yfov>35</yfov>
                        <aspect_ratio>0</aspect_ratio>
                        <znear>1</znear>
                        <zfar>1000</zfar>
                    </perspective>
                </technique_common>
            </optics>
        </camera>
    </library_cameras>
    <library_visual_scenes>
        <visual_scene id="ID2">
            <node name="SketchUp">
                <instance_geometry url="#ID56">
                    <bind_material>
                        <technique_common>
                            <instance_material symbol="Material2" target="#ID7">
                                <bind_vertex_input semantic="UVSET0" input_semantic="TEXCOORD" input_set="0" />
                            </instance_material>
                        </technique_common>
                    </bind_material>
                </instance_geometry>
                <instance_geometry url="#ID62">
                    <bind_material>
                        <technique_common>
                            <instance_material symbol="Material2" target="#ID63">
                                <bind_vertex_input semantic="UVSET0" input_semantic="TEXCOORD" input_set="0" />
                            </instance_material>
                            <instance_material symbol="Material3" target="#ID68">
                                <bind_vertex_input semantic="UVSET0" input_semantic="TEXCOORD" input_set="0" />
                            </instance_material>
                        </technique_common>
                    </bind_material>
                </instance_geometry>
                <instance_geometry url="#ID72">
                    <bind_material>
                        <technique_common>
                            <instance_material symbol="Material2" target="#ID68">
                                <bind_vertex_input semantic="UVSET0" input_semantic="TEXCOORD" input_set="0" />
                            </instance_material>
                        </technique_common>
                    </bind_material>
                </instance_geometry>
                <instance_geometry url="#ID78">
                    <bind_material>
                        <technique_common>
                            <instance_material symbol="Material2" target="#ID63">
                                <bind_vertex_input semantic="UVSET0" input_semantic="TEXCOORD" input_set="0" />
                            </instance_material>
                            <instance_material symbol="Material3" target="#ID68">
                                <bind_vertex_input semantic="UVSET0" input_semantic="TEXCOORD" input_set="0" />
                            </instance_material>
                        </technique_common>
                    </bind_material>
                </instance_geometry>
                <instance_geometry url="#ID84">
                    <bind_material>
                        <technique_common>
                            <instance_material symbol="Material2" target="#ID7">
                                <bind_vertex_input semantic="UVSET0" input_semantic="TEXCOORD" input_set="0" />
                            </instance_material>
                        </technique_common>
                    </bind_material>
                </instance_geometry>
                <instance_geometry url="#ID90">
                    <bind_material>
                        <technique_common>
                            <instance_material symbol="Material2" target="#ID63">
                                <bind_vertex_input semantic="UVSET0" input_semantic="TEXCOORD" input_set="0" />
                            </instance_material>
                            <instance_material symbol="Material3" target="#ID68">
                                <bind_vertex_input semantic="UVSET0" input_semantic="TEXCOORD" input_set="0" />
                            </instance_material>
                        </technique_common>
                    </bind_material>
                </instance_geometry>
                <instance_geometry url="#ID96">
                    <bind_material>
                        <technique_common>
                            <instance_material symbol="Material2" target="#ID68">
                                <bind_vertex_input semantic="UVSET0" input_semantic="TEXCOORD" input_set="0" />
                            </instance_material>
                        </technique_common>
                    </bind_material>
                </instance_geometry>
                <instance_geometry url="#ID102">
                    <bind_material>
                        <technique_common>
                            <instance_material symbol="Material2" target="#ID63">
                                <bind_vertex_input semantic="UVSET0" input_semantic="TEXCOORD" input_set="0" />
                            </instance_material>
                            <instance_material symbol="Material3" target="#ID68">
                                <bind_vertex_input semantic="UVSET0" input_semantic="TEXCOORD" input_set="0" />
                            </instance_material>
                        </technique_common>
                    </bind_material>
                </instance_geometry>
                <instance_geometry url="#ID108">
                    <bind_material>
                        <technique_common>
                            <instance_material symbol="Material2" target="#ID68">
                                <bind_vertex_input semantic="UVSET0" input_semantic="TEXCOORD" input_set="0" />
                            </instance_material>
                        </technique_common>
                    </bind_material>
                </instance_geometry>
                <instance_geometry url="#ID114">
                    <bind_material>
                        <technique_common>
                            <instance_material symbol="Material2" target="#ID7">
                                <bind_vertex_input semantic="UVSET0" input_semantic="TEXCOORD" input_set="0" />
                            </instance_material>
                        </technique_common>
                    </bind_material>
                </instance_geometry>
                <instance_geometry url="#ID120">
                    <bind_material>
                        <technique_common>
                            <instance_material symbol="Material2" target="#ID68">
                                <bind_vertex_input semantic="UVSET0" input_semantic="TEXCOORD" input_set="0" />
                            </instance_material>
                        </technique_common>
                    </bind_material>
                </instance_geometry>
                <instance_geometry url="#ID126">
                    <bind_material>
                        <technique_common>
                            <instance_material symbol="Material2" target="#ID7">
                                <bind_vertex_input semantic="UVSET0" input_semantic="TEXCOORD" input_set="0" />
                            </instance_material>
                        </technique_common>
                    </bind_material>
                </instance_geometry>
                <instance_geometry url="#ID132">
                    <bind_material>
                        <technique_common>
                            <instance_material symbol="Material2" target="#ID7">
                                <bind_vertex_input semantic="UVSET0" input_semantic="TEXCOORD" input_set="0" />
                            </instance_material>
                        </technique_common>
                    </bind_material>
                </instance_geometry>
                <instance_geometry url="#ID138">
                    <bind_material>
                        <technique_common>
                            <instance_material symbol="Material2" target="#ID68">
                                <bind_vertex_input semantic="UVSET0" input_semantic="TEXCOORD" input_set="0" />
                            </instance_material>
                        </technique_common>
                    </bind_material>
                </instance_geometry>
                <instance_geometry url="#ID144">
                    <bind_material>
                        <technique_common>
                            <instance_material symbol="Material2" target="#ID7">
                                <bind_vertex_input semantic="UVSET0" input_semantic="TEXCOORD" input_set="0" />
                            </instance_material>
                        </technique_common>
                    </bind_material>
                </instance_geometry>
                <instance_geometry url="#ID150">
                    <bind_material>
                        <technique_common>
                            <instance_material symbol="Material2" target="#ID151">
                                <bind_vertex_input semantic="UVSET0" input_semantic="TEXCOORD" input_set="0" />
                            </instance_material>
                        </technique_common>
                    </bind_material>
                </instance_geometry>
                <instance_geometry url="#ID158">
                    <bind_material>
                        <technique_common>
                            <instance_material symbol="Material2" target="#ID68">
                                <bind_vertex_input semantic="UVSET0" input_semantic="TEXCOORD" input_set="0" />
                            </instance_material>
                        </technique_common>
                    </bind_material>
                </instance_geometry>
                <instance_geometry url="#ID164">
                    <bind_material>
                        <technique_common>
                            <instance_material symbol="Material2" target="#ID63">
                                <bind_vertex_input semantic="UVSET0" input_semantic="TEXCOORD" input_set="0" />
                            </instance_material>
                        </technique_common>
                    </bind_material>
                </instance_geometry>
                <instance_geometry url="#ID170">
                    <bind_material>
                        <technique_common>
                            <instance_material symbol="Material2" target="#ID63">
                                <bind_vertex_input semantic="UVSET0" input_semantic="TEXCOORD" input_set="0" />
                            </instance_material>
                        </technique_common>
                    </bind_material>
                </instance_geometry>
                <instance_geometry url="#ID176">
                    <bind_material>
                        <technique_common>
                            <instance_material symbol="Material2" target="#ID63">
                                <bind_vertex_input semantic="UVSET0" input_semantic="TEXCOORD" input_set="0" />
                            </instance_material>
                        </technique_common>
                    </bind_material>
                </instance_geometry>
                <instance_geometry url="#ID182">
                    <bind_material>
                        <technique_common>
                            <instance_material symbol="Material2" target="#ID63">
                                <bind_vertex_input semantic="UVSET0" input_semantic="TEXCOORD" input_set="0" />
                            </instance_material>
                        </technique_common>
                    </bind_material>
                </instance_geometry>
                <instance_geometry url="#ID188">
                    <bind_material>
                        <technique_common>
                            <instance_material symbol="Material2" target="#ID63">
                                <bind_vertex_input semantic="UVSET0" input_semantic="TEXCOORD" input_set="0" />
                            </instance_material>
                        </technique_common>
                    </bind_material>
                </instance_geometry>
                <instance_geometry url="#ID194">
                    <bind_material>
                        <technique_common>
                            <instance_material symbol="Material2" target="#ID63">
                                <bind_vertex_input semantic="UVSET0" input_semantic="TEXCOORD" input_set="0" />
                            </instance_material>
                        </technique_common>
                    </bind_material>
                </instance_geometry>
                <instance_geometry url="#ID200">
                    <bind_material>
                        <technique_common>
                            <instance_material symbol="Material2" target="#ID63">
                                <bind_vertex_input semantic="UVSET0" input_semantic="TEXCOORD" input_set="0" />
                            </instance_material>
                        </technique_common>
                    </bind_material>
                </instance_geometry>
                <instance_geometry url="#ID206">
                    <bind_material>
                        <technique_common>
                            <instance_material symbol="Material2" target="#ID63">
                                <bind_vertex_input semantic="UVSET0" input_semantic="TEXCOORD" input_set="0" />
                            </instance_material>
                        </technique_common>
                    </bind_material>
                </instance_geometry>
                <instance_geometry url="#ID212">
                    <bind_material>
                        <technique_common>
                            <instance_material symbol="Material2" target="#ID63">
                                <bind_vertex_input semantic="UVSET0" input_semantic="TEXCOORD" input_set="0" />
                            </instance_material>
                        </technique_common>
                    </bind_material>
                </instance_geometry>
                <instance_geometry url="#ID218">
                    <bind_material>
                        <technique_common>
                            <instance_material symbol="Material2" target="#ID63">
                                <bind_vertex_input semantic="UVSET0" input_semantic="TEXCOORD" input_set="0" />
                            </instance_material>
                        </technique_common>
                    </bind_material>
                </instance_geometry>
                <instance_geometry url="#ID224">
                    <bind_material>
                        <technique_common>
                            <instance_material symbol="Material2" target="#ID68">
                                <bind_vertex_input semantic="UVSET0" input_semantic="TEXCOORD" input_set="0" />
                            </instance_material>
                        </technique_common>
                    </bind_material>
                </instance_geometry>
                <instance_geometry url="#ID230">
                    <bind_material>
                        <technique_common>
                            <instance_material symbol="Material2" target="#ID63">
                                <bind_vertex_input semantic="UVSET0" input_semantic="TEXCOORD" input_set="0" />
                            </instance_material>
                        </technique_common>
                    </bind_material>
                </instance_geometry>
                <instance_geometry url="#ID236">
                    <bind_material>
                        <technique_common>
                            <instance_material symbol="Material2" target="#ID7">
                                <bind_vertex_input semantic="UVSET0" input_semantic="TEXCOORD" input_set="0" />
                            </instance_material>
                        </technique_common>
                    </bind_material>
                </instance_geometry>
                <instance_geometry url="#ID242">
                    <bind_material>
                        <technique_common>
                            <instance_material symbol="Material2" target="#ID7">
                                <bind_vertex_input semantic="UVSET0" input_semantic="TEXCOORD" input_set="0" />
                            </instance_material>
                        </technique_common>
                    </bind_material>
                </instance_geometry>
                <instance_geometry url="#ID248">
                    <bind_material>
                        <technique_common>
                            <instance_material symbol="Material2" target="#ID7">
                                <bind_vertex_input semantic="UVSET0" input_semantic="TEXCOORD" input_set="0" />
                            </instance_material>
                        </technique_common>
                    </bind_material>
                </instance_geometry>
                <instance_geometry url="#ID254">
                    <bind_material>
                        <technique_common>
                            <instance_material symbol="Material2" target="#ID7">
                                <bind_vertex_input semantic="UVSET0" input_semantic="TEXCOORD" input_set="0" />
                            </instance_material>
                        </technique_common>
                    </bind_material>
                </instance_geometry>
                <instance_geometry url="#ID260">
                    <bind_material>
                        <technique_common>
                            <instance_material symbol="Material2" target="#ID7">
                                <bind_vertex_input semantic="UVSET0" input_semantic="TEXCOORD" input_set="0" />
                            </instance_material>
                        </technique_common>
                    </bind_material>
                </instance_geometry>
                <instance_geometry url="#ID266">
                    <bind_material>
                        <technique_common>
                            <instance_material symbol="Material2" target="#ID7">
                                <bind_vertex_input semantic="UVSET0" input_semantic="TEXCOORD" input_set="0" />
                            </instance_material>
                        </technique_common>
                    </bind_material>
                </instance_geometry>
                <instance_geometry url="#ID272">
                    <bind_material>
                        <technique_common>
                            <instance_material symbol="Material2" target="#ID63">
                                <bind_vertex_input semantic="UVSET0" input_semantic="TEXCOORD" input_set="0" />
                            </instance_material>
                        </technique_common>
                    </bind_material>
                </instance_geometry>
                <instance_geometry url="#ID278">
                    <bind_material>
                        <technique_common>
                            <instance_material symbol="Material2" target="#ID63">
                                <bind_vertex_input semantic="UVSET0" input_semantic="TEXCOORD" input_set="0" />
                            </instance_material>
                        </technique_common>
                    </bind_material>
                </instance_geometry>
                <instance_geometry url="#ID284">
                    <bind_material>
                        <technique_common>
                            <instance_material symbol="Material2" target="#ID63">
                                <bind_vertex_input semantic="UVSET0" input_semantic="TEXCOORD" input_set="0" />
                            </instance_material>
                        </technique_common>
                    </bind_material>
                </instance_geometry>
                <instance_geometry url="#ID290">
                    <bind_material>
                        <technique_common>
                            <instance_material symbol="Material2" target="#ID63">
                                <bind_vertex_input semantic="UVSET0" input_semantic="TEXCOORD" input_set="0" />
                            </instance_material>
                        </technique_common>
                    </bind_material>
                </instance_geometry>
                <instance_geometry url="#ID296">
                    <bind_material>
                        <technique_common>
                            <instance_material symbol="Material2" target="#ID63">
                                <bind_vertex_input semantic="UVSET0" input_semantic="TEXCOORD" input_set="0" />
                            </instance_material>
                        </technique_common>
                    </bind_material>
                </instance_geometry>
                <instance_geometry url="#ID302">
                    <bind_material>
                        <technique_common>
                            <instance_material symbol="Material2" target="#ID63">
                                <bind_vertex_input semantic="UVSET0" input_semantic="TEXCOORD" input_set="0" />
                            </instance_material>
                        </technique_common>
                    </bind_material>
                </instance_geometry>
                <instance_geometry url="#ID308">
                    <bind_material>
                        <technique_common>
                            <instance_material symbol="Material2" target="#ID63">
                                <bind_vertex_input semantic="UVSET0" input_semantic="TEXCOORD" input_set="0" />
                            </instance_material>
                        </technique_common>
                    </bind_material>
                </instance_geometry>
                <instance_geometry url="#ID314">
                    <bind_material>
                        <technique_common>
                            <instance_material symbol="Material2" target="#ID63">
                                <bind_vertex_input semantic="UVSET0" input_semantic="TEXCOORD" input_set="0" />
                            </instance_material>
                        </technique_common>
                    </bind_material>
                </instance_geometry>
                <instance_geometry url="#ID320">
                    <bind_material>
                        <technique_common>
                            <instance_material symbol="Material2" target="#ID63">
                                <bind_vertex_input semantic="UVSET0" input_semantic="TEXCOORD" input_set="0" />
                            </instance_material>
                        </technique_common>
                    </bind_material>
                </instance_geometry>
                <instance_geometry url="#ID326">
                    <bind_material>
                        <technique_common>
                            <instance_material symbol="Material2" target="#ID63">
                                <bind_vertex_input semantic="UVSET0" input_semantic="TEXCOORD" input_set="0" />
                            </instance_material>
                        </technique_common>
                    </bind_material>
                </instance_geometry>
                <instance_geometry url="#ID332">
                    <bind_material>
                        <technique_common>
                            <instance_material symbol="Material2" target="#ID63">
                                <bind_vertex_input semantic="UVSET0" input_semantic="TEXCOORD" input_set="0" />
                            </instance_material>
                        </technique_common>
                    </bind_material>
                </instance_geometry>
                <instance_geometry url="#ID338">
                    <bind_material>
                        <technique_common>
                            <instance_material symbol="Material2" target="#ID7">
                                <bind_vertex_input semantic="UVSET0" input_semantic="TEXCOORD" input_set="0" />
                            </instance_material>
                        </technique_common>
                    </bind_material>
                </instance_geometry>
                <instance_geometry url="#ID344">
                    <bind_material>
                        <technique_common>
                            <instance_material symbol="Material2" target="#ID7">
                                <bind_vertex_input semantic="UVSET0" input_semantic="TEXCOORD" input_set="0" />
                            </instance_material>
                        </technique_common>
                    </bind_material>
                </instance_geometry>
                <instance_geometry url="#ID350">
                    <bind_material>
                        <technique_common>
                            <instance_material symbol="Material2" target="#ID7">
                                <bind_vertex_input semantic="UVSET0" input_semantic="TEXCOORD" input_set="0" />
                            </instance_material>
                        </technique_common>
                    </bind_material>
                </instance_geometry>
                <instance_geometry url="#ID356">
                    <bind_material>
                        <technique_common>
                            <instance_material symbol="Material2" target="#ID7">
                                <bind_vertex_input semantic="UVSET0" input_semantic="TEXCOORD" input_set="0" />
                            </instance_material>
                        </technique_common>
                    </bind_material>
                </instance_geometry>
                <instance_geometry url="#ID362">
                    <bind_material>
                        <technique_common>
                            <instance_material symbol="Material2" target="#ID7">
                                <bind_vertex_input semantic="UVSET0" input_semantic="TEXCOORD" input_set="0" />
                            </instance_material>
                        </technique_common>
                    </bind_material>
                </instance_geometry>
                <instance_geometry url="#ID368">
                    <bind_material>
                        <technique_common>
                            <instance_material symbol="Material2" target="#ID369">
                                <bind_vertex_input semantic="UVSET0" input_semantic="TEXCOORD" input_set="0" />
                            </instance_material>
                        </technique_common>
                    </bind_material>
                </instance_geometry>
                <instance_geometry url="#ID374">
                    <bind_material>
                        <technique_common>
                            <instance_material symbol="Material2" target="#ID369">
                                <bind_vertex_input semantic="UVSET0" input_semantic="TEXCOORD" input_set="0" />
                            </instance_material>
                        </technique_common>
                    </bind_material>
                </instance_geometry>
                <instance_geometry url="#ID378">
                    <bind_material>
                        <technique_common>
                            <instance_material symbol="Material2" target="#ID369">
                                <bind_vertex_input semantic="UVSET0" input_semantic="TEXCOORD" input_set="0" />
                            </instance_material>
                        </technique_common>
                    </bind_material>
                </instance_geometry>
                <instance_geometry url="#ID382">
                    <bind_material>
                        <technique_common>
                            <instance_material symbol="Material2" target="#ID369">
                                <bind_vertex_input semantic="UVSET0" input_semantic="TEXCOORD" input_set="0" />
                            </instance_material>
                        </technique_common>
                    </bind_material>
                </instance_geometry>
                <node name="skp_camera_Last_Saved_SketchUp_View">
                    <matrix>0.9986714 -0.02428798 0.0454497 305.3504 0.05153234 0.4706891 -0.8807929 -381.7576 3.469447e-18 0.8819647 0.4713154 465.3823 0 0 0 1</matrix>
                    <instance_camera url="#ID1" />
                </node>
                <node id="ID3" name="instance_0">
                    <matrix>-0.7071068 0 0.7071068 5.309255 0 1 0 34.0533 -0.7071068 0 -0.7071068 212.8187 0 0 0 1</matrix>
                    <instance_node url="#ID4" />
                </node>
                <node id="ID19" name="instance_1">
                    <matrix>-0.7071068 0 0.7071068 5.688797 0 1 0 76.91951 -0.7071068 0 -0.7071068 211.57 0 0 0 1</matrix>
                    <instance_node url="#ID4" />
                </node>
                <node id="ID20" name="instance_2">
                    <matrix>-0.7071068 0 0.7071068 5.688797 0 1 0 134.6017 -0.7071068 0 -0.7071068 211.57 0 0 0 1</matrix>
                    <instance_node url="#ID4" />
                </node>
                <node id="ID21" name="instance_3">
                    <matrix>-0.7071068 0 0.7071068 7.790695 0 1 0 271.2113 -0.7071068 0 -0.7071068 211.1897 0 0 0 1</matrix>
                    <instance_node url="#ID4" />
                </node>
                <node id="ID22" name="instance_4">
                    <matrix>-0.7071068 0 0.7071068 8.069083 0 1 0 238.7862 -0.7071068 0 -0.7071068 211.6719 0 0 0 1</matrix>
                    <instance_node url="#ID4" />
                </node>
                <node id="ID23" name="instance_5">
                    <matrix>-0.7071068 0 0.7071068 7.688797 0 1 0 552.0598 -0.7071068 0 -0.7071068 211.9637 0 0 0 1</matrix>
                    <instance_node url="#ID4" />
                </node>
                <node id="ID24" name="instance_6">
                    <matrix>-0.7071068 0 0.7071068 5.688797 0 1 0 600.5212 -0.7071068 0 -0.7071068 211.57 0 0 0 1</matrix>
                    <instance_node url="#ID4" />
                </node>
                <node id="ID25" name="instance_7">
                    <matrix>-0.7071068 0 0.7071068 7.688797 0 1 0 410.1648 -0.7071068 0 -0.7071068 211.9637 0 0 0 1</matrix>
                    <instance_node url="#ID4" />
                </node>
                <node id="ID26" name="instance_8">
                    <matrix>-0.7071068 0 0.7071068 7.636052 0 1 0 473.2131 -0.7071068 0 -0.7071068 211.7668 0 0 0 1</matrix>
                    <instance_node url="#ID4" />
                </node>
                <node id="ID27" name="instance_9">
                    <matrix>2.775558e-17 1 -5.551115e-17 32.15323 0.7071068 -5.887847e-17 -0.7071068 633.3938 -0.7071068 -1.962616e-17 -0.7071068 211.57 0 0 0 1</matrix>
                    <instance_node url="#ID4" />
                </node>
                <node id="ID28" name="instance_10">
                    <matrix>2.775558e-17 1 -5.551115e-17 93.73916 0.7071068 -5.887847e-17 -0.7071068 631.3018 -0.7071068 -1.962616e-17 -0.7071068 210.3172 0 0 0 1</matrix>
                    <instance_node url="#ID4" />
                </node>
                <node id="ID29" name="instance_11">
                    <matrix>2.775558e-17 1 -5.551115e-17 138.3564 0.7071068 -5.887847e-17 -0.7071068 631.0234 -0.7071068 -1.962616e-17 -0.7071068 210.0388 0 0 0 1</matrix>
                    <instance_node url="#ID4" />
                </node>
                <node id="ID30" name="instance_12">
                    <matrix>2.775558e-17 1 -5.551115e-17 177.424 0.7071068 -5.887847e-17 -0.7071068 630.7451 -0.7071068 -1.962616e-17 -0.7071068 209.7604 0 0 0 1</matrix>
                    <instance_node url="#ID4" />
                </node>
                <node id="ID31" name="instance_13">
                    <matrix>2.775558e-17 1 -5.551115e-17 277.8177 0.7071068 -5.887847e-17 -0.7071068 630.7451 -0.7071068 -1.962616e-17 -0.7071068 209.7604 0 0 0 1</matrix>
                    <instance_node url="#ID4" />
                </node>
                <node id="ID32" name="instance_14">
                    <matrix>0.7071068 -7.065416e-16 -0.7071068 357.1838 -5.828671e-16 -1 4.163336e-16 601.1056 -0.7071068 1.177569e-16 -0.7071068 209.9045 0 0 0 1</matrix>
                    <instance_node url="#ID4" />
                </node>
                <node id="ID33" name="instance_15">
                    <matrix>0.7071068 -7.065416e-16 -0.7071068 355.0234 -5.828671e-16 -1 4.163336e-16 489.6604 -0.7071068 1.177569e-16 -0.7071068 210.0388 0 0 0 1</matrix>
                    <instance_node url="#ID4" />
                </node>
                <node id="ID34" name="instance_16">
                    <matrix>0.7071068 -7.065416e-16 -0.7071068 355.0234 -5.828671e-16 -1 4.163336e-16 370.369 -0.7071068 1.177569e-16 -0.7071068 210.0388 0 0 0 1</matrix>
                    <instance_node url="#ID4" />
                </node>
                <node id="ID35" name="instance_17">
                    <matrix>0.7071068 -7.065416e-16 -0.7071068 355.0234 -5.828671e-16 -1 4.163336e-16 271.9438 -0.7071068 1.177569e-16 -0.7071068 210.0388 0 0 0 1</matrix>
                    <instance_node url="#ID4" />
                </node>
                <node id="ID36" name="instance_18">
                    <matrix>0.7071068 -7.065416e-16 -0.7071068 355.0234 -5.828671e-16 -1 4.163336e-16 144.7785 -0.7071068 1.177569e-16 -0.7071068 210.0388 0 0 0 1</matrix>
                    <instance_node url="#ID4" />
                </node>
                <node id="ID37" name="instance_19">
                    <matrix>0.7071068 -7.065416e-16 -0.7071068 355.0234 -5.828671e-16 -1 4.163336e-16 29.81784 -0.7071068 1.177569e-16 -0.7071068 210.0388 0 0 0 1</matrix>
                    <instance_node url="#ID4" />
                </node>
                <node id="ID38" name="instance_20">
                    <matrix>2.775558e-17 1 -5.551115e-17 277.8177 0.7071068 -5.887847e-17 -0.7071068 630.7451 -0.7071068 -1.962616e-17 -0.7071068 471.5715 0 0 0 1</matrix>
                    <instance_node url="#ID4" />
                </node>
                <node id="ID39" name="instance_21">
                    <matrix>2.775558e-17 1 -5.551115e-17 138.3564 0.7071068 -5.887847e-17 -0.7071068 631.0234 -0.7071068 -1.962616e-17 -0.7071068 471.8499 0 0 0 1</matrix>
                    <instance_node url="#ID4" />
                </node>
                <node id="ID40" name="instance_22">
                    <matrix>2.775558e-17 1 -5.551115e-17 93.73916 0.7071068 -5.887847e-17 -0.7071068 631.3018 -0.7071068 -1.962616e-17 -0.7071068 472.1282 0 0 0 1</matrix>
                    <instance_node url="#ID4" />
                </node>
                <node id="ID41" name="instance_23">
                    <matrix>2.775558e-17 1 -5.551115e-17 177.424 0.7071068 -5.887847e-17 -0.7071068 630.7451 -0.7071068 -1.962616e-17 -0.7071068 471.5715 0 0 0 1</matrix>
                    <instance_node url="#ID4" />
                </node>
                <node id="ID42" name="instance_24">
                    <matrix>-0.7071068 0 0.7071068 7.636052 0 1 0 473.2131 -0.7071068 0 -0.7071068 469.2471 0 0 0 1</matrix>
                    <instance_node url="#ID4" />
                </node>
                <node id="ID43" name="instance_25">
                    <matrix>-0.7071068 0 0.7071068 7.688797 0 1 0 552.0598 -0.7071068 0 -0.7071068 469.444 0 0 0 1</matrix>
                    <instance_node url="#ID4" />
                </node>
                <node id="ID44" name="instance_26">
                    <matrix>-0.7071068 0 0.7071068 7.688797 0 1 0 410.1648 -0.7071068 0 -0.7071068 469.444 0 0 0 1</matrix>
                    <instance_node url="#ID4" />
                </node>
                <node id="ID45" name="instance_27">
                    <matrix>-0.7071068 0 0.7071068 8.069083 0 1 0 238.7862 -0.7071068 0 -0.7071068 475.4514 0 0 0 1</matrix>
                    <instance_node url="#ID4" />
                </node>
                <node id="ID46" name="instance_28">
                    <matrix>0.7071068 -7.065416e-16 -0.7071068 355.0234 -5.828671e-16 -1 4.163336e-16 144.7785 -0.7071068 1.177569e-16 -0.7071068 473.8184 0 0 0 1</matrix>
                    <instance_node url="#ID4" />
                </node>
                <node id="ID47" name="instance_29">
                    <matrix>-0.7071068 0 0.7071068 5.688797 0 1 0 76.91951 -0.7071068 0 -0.7071068 475.3495 0 0 0 1</matrix>
                    <instance_node url="#ID4" />
                </node>
                <node id="ID48" name="instance_30">
                    <matrix>-0.7071068 0 0.7071068 5.309255 0 1 0 34.0533 -0.7071068 0 -0.7071068 476.5983 0 0 0 1</matrix>
                    <instance_node url="#ID4" />
                </node>
                <node id="ID49" name="instance_31">
                    <matrix>0.7071068 -7.065416e-16 -0.7071068 355.0234 -5.828671e-16 -1 4.163336e-16 29.81784 -0.7071068 1.177569e-16 -0.7071068 473.8184 0 0 0 1</matrix>
                    <instance_node url="#ID4" />
                </node>
                <node id="ID50" name="instance_32">
                    <matrix>0.7071068 -7.065416e-16 -0.7071068 355.0234 -5.828671e-16 -1 4.163336e-16 370.369 -0.7071068 1.177569e-16 -0.7071068 473.8184 0 0 0 1</matrix>
                    <instance_node url="#ID4" />
                </node>
                <node id="ID51" name="instance_33">
                    <matrix>0.7071068 -7.065416e-16 -0.7071068 355.0234 -5.828671e-16 -1 4.163336e-16 271.9438 -0.7071068 1.177569e-16 -0.7071068 473.8184 0 0 0 1</matrix>
                    <instance_node url="#ID4" />
                </node>
                <node id="ID52" name="instance_34">
                    <matrix>-0.7071068 0 0.7071068 5.688797 0 1 0 134.6017 -0.7071068 0 -0.7071068 475.3495 0 0 0 1</matrix>
                    <instance_node url="#ID4" />
                </node>
                <node id="ID53" name="instance_35">
                    <matrix>-0.7071068 0 0.7071068 7.790695 0 1 0 271.2113 -0.7071068 0 -0.7071068 474.9692 0 0 0 1</matrix>
                    <instance_node url="#ID4" />
                </node>
                <node id="ID54" name="instance_36">
                    <matrix>0.7071068 -7.065416e-16 -0.7071068 355.0234 -5.828671e-16 -1 4.163336e-16 489.6604 -0.7071068 1.177569e-16 -0.7071068 473.8184 0 0 0 1</matrix>
